-209
217
84
-250
-81
-26
228
108
212
214
-45
-105
31
77
211
241
245
192
77
186
141
-146
152
-97
42
132
171
-34
-32
145
197
-24
21
-212
119
162
-83
49
-215
144
-47
61
72
83
-77
-86
-109
-39
3
118
-203
-106
-88
7
-213
109
-27
-9
-221
28
66
-215
-60
92
38
-144
-210
192
14
-102
196
55
140
-21
120
100
-244
-149
143
-202
-121
-127
-166
204
6
90
216
126
181
58
194
189
-124
73
-213
-212
-132
-168
179
-209
83
-135
-111
-92
-46
180
227
56
-77
136
-229
-5
174
-178
20
79
27
-177
-153
-238
236
40
-89
-114
105
17
-95
-176
-219
-198
100
-100
191
-26
216
180
-143
-59
-243
87
207
37
3
133
195
159
-41
8
-29
-162
172
196
-244
-220
163
-82
150
-159
12
-95
160
109
-126
-213
-202
233
-155
-209
-148
100
41
86
124
-230
-154
-229
98
-51
-82
234
31
-16
-197
249
168
188
150
38
-123
217
-22
143
-102
233
57
171
60
-133
63
-236
59
-134
185
201
-150
-1
-231
-194
48
53
-26
-242
94
-141
239
-48
-55
235
-157
93
-227
-163
64
-247
198
-50
208
-132
-170
46
48
31
-161
48
-241
-93
222
-128
-212
42
-212
-71
-60
-93
208
-59
65
138
-94
-239
-48
-116
22
-195
78
-104
112
136
125
183
119
-108
94
166
131
248
72
-99
-229
-51
-193
226
142
139
-175
-38
-150
-240
-247
119
111
-62
151
39
5
173
-248
-165
-68
35
-162
176
-133
7
82
182
-81
-96
-29
-61
226
79
118
-58
175
-195
184
-201
191
-238
-105
-190
-32
3
-111
173
29
246
-63
-221
-201
187
116
199
-57
-55
47
166
36
-145
238
32
205
-16
-136
-49
66
-79
36
13
63
105
-65
-197
162
58
82
195
63
6
71
-192
-104
232
231
-106
-54
-28
-121
-89
-215
200
-77
216
-206
-91
42
189
3
-226
-96
-240
-5
-101
-64
63
224
-228
-82
-232
37
155
208
141
-48
-125
227
164
64
74
84
124
122
-91
83
-180
237
47
-232
-73
23
20
13
-82
-58
235
-148
230
-37
-123
52
-151
-223
-125
-207
174
-227
222
-189
-69
-247
182
-245
-157
-25
-219
242
-108
-28
36
-186
150
-63
110
163
224
20
-80
-15
83
-39
10
146
-83
35
-200
-110
-56
-55
-126
-231
-125
-174
-56
-92
52
121
216
-72
-157
101
234
-232
214
-131
-98
50
-163
-190
176
-240
7
-80
65
-174
-23
-207
8
-86
-141
132
-164
-185
237
-173
224
-125
-123
-121
178
173
-230
152
212
-127
-154
-13
11
-55
-225
