-250
-248
-247
-247
-247
-245
-244
-244
-243
-242
-241
-240
-240
-240
-239
-238
-238
-236
-232
-232
-232
-231
-231
-230
-230
-229
-229
-229
-228
-227
-227
-226
-225
-223
-221
-221
-220
-219
-219
-215
-215
-215
-213
-213
-213
-212
-212
-212
-212
-210
-209
-209
-209
-207
-207
-206
-203
-202
-202
-201
-201
-200
-198
-197
-197
-195
-195
-194
-193
-192
-190
-190
-189
-186
-185
-180
-178
-177
-176
-175
-174
-174
-173
-170
-168
-166
-165
-164
-163
-163
-162
-162
-161
-159
-157
-157
-157
-155
-154
-154
-153
-151
-150
-150
-149
-148
-148
-146
-145
-144
-143
-141
-141
-136
-135
-134
-133
-133
-132
-132
-131
-128
-127
-127
-126
-126
-125
-125
-125
-125
-124
-123
-123
-123
-121
-121
-121
-116
-114
-111
-111
-110
-109
-108
-108
-106
-106
-105
-105
-104
-104
-102
-102
-101
-100
-99
-98
-97
-96
-96
-95
-95
-94
-93
-93
-92
-92
-91
-91
-89
-89
-88
-86
-86
-83
-83
-82
-82
-82
-82
-81
-81
-80
-80
-79
-77
-77
-77
-73
-72
-71
-69
-68
-65
-64
-63
-63
-62
-61
-60
-60
-59
-59
-58
-58
-57
-56
-56
-55
-55
-55
-55
-54
-51
-51
-50
-49
-48
-48
-48
-47
-46
-45
-41
-39
-39
-38
-37
-34
-32
-32
-29
-29
-28
-28
-27
-26
-26
-26
-25
-24
-23
-22
-21
-16
-16
-15
-13
-9
-5
-5
-1
3
3
3
3
5
6
6
7
7
7
8
8
10
11
12
13
13
14
17
20
20
20
21
22
23
27
28
29
31
31
31
32
35
35
36
36
36
37
37
38
38
39
40
41
42
42
42
46
47
47
48
48
48
49
50
52
52
53
55
56
57
58
58
59
60
61
63
63
63
63
64
64
65
65
66
66
71
72
72
73
74
77
77
78
79
79
82
82
83
83
83
83
84
84
86
87
90
92
93
94
94
98
100
100
100
101
105
105
108
109
109
110
111
112
116
118
118
119
119
119
120
121
122
124
124
125
126
131
132
132
133
136
136
138
139
140
141
141
142
143
143
144
145
146
150
150
150
151
152
152
155
159
160
162
162
163
163
164
166
166
168
171
171
172
173
173
173
174
174
175
176
176
178
179
180
180
181
182
182
183
184
185
186
187
188
189
189
191
191
192
192
194
195
195
196
196
197
198
199
200
201
204
205
207
208
208
208
211
212
212
214
214
216
216
216
216
217
217
222
222
224
224
224
226
226
227
227
228
230
231
232
233
233
234
234
235
235
236
237
237
238
239
241
242
245
246
248
249
